
[common]
version  = 2
board_temp_protect = 83


[power_PXX1X]
config   = config
voltage_min = 1252
voltage_limit = 1400
power_limit = 3700


[config]
bin1v1_A = 37.4 1200 74 97 0000 28.8
bin1v1_C = 37.4 1200 72 97 0000 28.8
bin1v1_E = 37.4 1200 70 97 0000 28.8
bin1v1_G = 37.4 1200 70 97 0000 28.8
bin2v1_A = 37.4 1210 74 97 0000 28.8
bin2v1_C = 37.4 1210 72 97 0000 28.8
bin2v1_E = 37.4 1210 70 97 0000 28.8
bin2v1_G = 37.4 1210 70 97 0000 28.8
bin2v1_H = 37.4 1210 70 97 0000 29.8
bin3v1_A = 37.4 1220 74 97 0000 28.8
bin3v1_C = 37.4 1220 72 97 0000 28.8
bin3v1_E = 37.4 1220 70 97 0000 28.8
bin3v1_F = 37.4 1220 70 97 0000 29.8
bin4v1_A = 37.4 1230 74 97 0000 28.8
bin4v1_C = 37.4 1230 72 97 0000 28.8
bin4v1_E = 37.4 1230 70 97 0000 29.8
bin5v1_A = 37.4 1240 74 97 0000 28.8
bin5v1_C = 37.4 1240 72 97 0000 28.8
bin5v1_E = 37.4 1240 70 97 0000 29.8
bin6v1_A = 37.4 1250 74 97 0000 28.8
bin6v1_C = 37.4 1250 72 97 0000 29.8
bin6v1_E = 37.4 1250 70 97 0000 29.8
bin9v1_A = 37.4 1260 74 97 0000 28.8
bin9v1_C = 37.4 1260 72 97 0000 29.8
bin9v1_E = 37.4 1260 70 97 0000 29.8
bin10v1_A = 37.4 1270 74 97 0000 28.8
bin10v1_C = 37.4 1270 72 97 0000 29.8
bin10v1_E = 37.4 1270 70 97 0000 29.8
bin11v1_A = 37.4 1280 74 97 0000 29.8
bin11v1_C = 37.4 1280 72 97 0000 29.8
bin11v1_E = 37.4 1280 70 97 0000 29.8
bin12v1_A = 37.4 1290 74 97 0000 28.8
bin12v1_C = 37.4 1290 72 97 0000 28.8
bin12v1_E = 37.4 1290 70 97 0000 28.8
bin13v1_A = 37.4 1300 74 97 0000 28.8
bin13v1_C = 37.4 1300 72 97 0000 28.8
bin13v1_E = 37.4 1300 70 97 0000 28.8
bin1     = 37.4 1200 70 97 0000 28.8
bin2     = 37.4 1200 70 97 0000 28.8
bin3     = 37.4 1200 70 97 0000 28.8
bin4     = 37.4 1200 70 97 0000 28.8
bin5     = 37.4 1200 70 97 0000 28.8
bin6     = 37.4 1200 70 97 0000 28.8
bin9     = 37.4 1200 70 97 0000 28.8
bin10    = 37.4 1200 70 97 0000 28.8
bin5v1_D = 37.4 1260 74 97 0000 0


[power_P221B]
config   = config
voltage_min = 1252
voltage_limit = 1400
power_limit = 3700


